frame_id: map
position:
  x: -0.02265915755163845
  y: -0.05959804463769454
  z: 0.0
orientation:
  x: 0.0
  y: 0.0
  z: -0.012343825236968687
  w: 0.9999238120869606