frame_id: map
position:
  x: 0.4865021437609104
  y: -0.11393422671316217
  z: 0.0
orientation:
  x: 0.0
  y: 0.0
  z: -0.012343825236968687
  w: 0.9999238120869606